200 0.082125
200 0.067840
200 0.068701
200 0.061940
200 0.073033
200 0.138020
200 0.110259
200 0.090286
200 0.060875
200 0.235497
200 0.079604
200 0.056147
200 0.090962
200 0.113703
200 0.076169
200 0.063678
200 0.068134
200 0.132848
200 0.056120
200 0.133692
200 0.062662
200 0.093558
200 0.065767
200 0.077661
200 0.072694
200 0.107096
200 5.108929
200 0.072326
200 0.092103
200 0.069820
200 0.093201
200 0.059872
200 0.088280
200 5.064199
200 0.120264
200 0.084748
200 0.128315
200 0.062417
200 0.111393
200 0.103949
200 0.110205
200 0.165164
200 0.104732
200 0.134685
200 0.086880
200 0.090003
200 0.098689
200 0.129002
200 0.133178
200 0.126142
200 0.075874
200 0.098822
200 0.092345
200 0.125987
200 0.067063
200 0.060289
200 0.158321
200 0.115057
200 0.098210
200 0.066670
200 0.058582
200 0.130490
200 0.083258
200 0.086111
200 0.080042
200 0.087840
200 0.080570
200 0.088252
200 0.087666
200 5.095131
200 0.084373
200 0.085010
200 0.063711
200 0.084068
200 5.087856
200 0.088921
200 0.071004
200 0.071253
200 0.063271
200 0.092582
200 0.059727
200 0.083210
200 0.070638
200 0.111200
200 0.068228
200 0.103064
200 0.084805
200 0.071408
200 0.067328
200 0.085343
200 0.085697
200 0.072275
200 0.094728
200 0.070802
200 0.090697
200 0.124364
200 0.096079
200 0.103051
200 0.086824
200 0.055387
200 0.116812
200 0.084957
200 0.174154
200 0.093730
200 0.067957
200 0.095352
200 0.093141
200 0.059897
200 0.100625
200 0.092153
200 0.068498
200 0.109169
200 0.084299
200 0.067527
200 0.092349
200 0.097027
200 5.151769
200 0.083988
200 0.078229
200 0.068742
200 0.072870
200 0.088995
200 0.114925
200 0.147391
200 0.082435
200 5.081632
200 0.079071
200 0.076072
200 0.067734
200 0.066795
200 0.069348
200 0.076485
200 0.078510
200 0.100297
200 0.073513
200 0.080228
200 0.069478
200 0.067153
200 0.103963
200 0.065447
200 0.068317
200 0.083243
200 0.202666
200 0.150423
200 0.095683
200 0.128358
200 0.073075
200 0.079019
200 0.056288
200 0.114637
200 0.092057
200 0.074998
200 0.082242
200 0.082016
200 0.068576
200 0.128245
200 0.067981
200 0.101161
200 0.115934
200 0.101210
200 0.050589
200 0.103476
200 0.078276
200 0.089071
200 5.091728
200 0.087147
200 0.092177
200 5.073633
200 0.083314
200 0.073446
200 0.070180
200 0.073543
200 0.108072
200 0.069396
200 0.072157
200 0.077909
200 0.108652
200 0.085913
200 0.058432
200 0.070334
200 0.059152
200 0.117046
200 0.099390
200 0.073837
200 0.072128
200 0.083471
200 0.061500
200 0.089087
200 0.150533
200 0.116185
200 0.069042
200 0.071388
200 0.078668
200 0.073032
200 0.062969
200 0.072718
200 0.068059
200 0.098810
200 0.088933
200 0.092701
