200 0.073096
200 0.064985
200 0.073429
200 0.068955
200 0.067322
200 0.069358
200 0.060601
200 0.123728
200 0.077034
200 0.061965
200 0.235509
200 0.079807
200 0.055816
200 0.091381
200 0.069407
200 0.035407
200 0.076553
200 0.064270
200 0.062907
200 0.092310
200 0.102912
200 0.074183
200 0.048729
200 0.063189
200 0.093575
200 0.065514
200 0.078737
200 0.072694
200 0.062278
200 0.036414
200 5.105402
200 0.075753
200 0.090988
200 0.068871
200 0.093846
200 0.058967
200 0.061153
200 5.092675
200 0.120047
200 0.084932
200 0.127061
200 0.061519
200 0.111323
200 0.104466
200 0.110361
200 0.125503
200 0.032992
200 0.138259
200 0.101677
200 0.086279
200 0.091145
200 0.098869
200 0.129300
200 0.132468
200 0.127003
200 0.075008
200 0.097141
200 0.091718
200 0.126659
200 0.066816
200 0.060636
200 0.081142
200 0.069766
200 0.083501
200 0.058635
200 0.062951
200 0.132539
200 0.076820
200 0.048282
200 0.083678
200 0.084504
200 0.086548
200 0.083307
200 0.080978
200 0.087747
200 0.088671
200 5.092894
200 0.071719
200 0.099028
200 0.063245
200 0.084005
200 5.087818
200 0.087608
200 0.070756
200 0.071410
200 0.063492
200 0.093075
200 0.060244
200 0.078719
200 0.072397
200 0.112968
200 0.066288
200 0.102000
200 0.084371
200 0.074016
200 0.067611
200 0.085113
200 0.085791
200 0.072249
200 0.094910
200 0.069750
200 0.090353
200 0.125924
200 0.097651
200 0.104343
200 0.087197
200 0.179115
200 0.084551
200 0.074441
200 0.092017
200 0.095064
200 0.067789
200 0.094270
200 0.093207
200 0.060059
200 0.100279
200 0.091682
200 0.062833
200 0.113180
200 0.084888
200 0.067567
200 0.092285
200 0.097834
200 5.096925
200 0.048589
200 0.081424
200 0.079655
200 0.067072
200 0.073540
200 0.087943
200 0.072173
200 0.038963
200 0.143053
200 0.089963
200 5.072558
200 0.079788
200 0.076973
200 0.071896
200 0.062803
200 0.068060
200 0.076221
200 0.098251
200 0.080982
200 0.073163
200 0.081222
200 0.067922
200 0.083523
200 0.088386
200 0.064689
200 0.068785
200 0.078642
200 0.068005
200 0.070419
200 0.051838
200 0.069186
200 0.073960
200 0.095478
200 0.063977
200 0.056707
200 0.073012
200 0.073957
200 0.060437
200 0.114041
200 0.092607
200 0.075262
200 0.081718
200 0.083389
200 0.067675
200 0.128175
200 0.068415
200 0.101457
200 0.115484
200 0.065021
200 0.085825
200 0.103344
200 0.078572
200 0.088768
200 5.090891
200 0.086973
200 0.093507
200 5.075428
200 0.082970
200 0.073518
200 0.153558
200 0.107829
200 0.069450
200 0.074337
200 0.076990
200 0.060464
200 0.040302
200 0.152865
200 0.069202
200 0.059970
200 0.065294
200 0.043729
200 0.100185
200 0.073803
200 0.072104
200 0.153228
200 0.152096
